# ID_GRIDPT PRF_NUMBER RA_CEN DEC_CEN PA FRAME
        1      5    3.755814  -30.463698   44.4374  SPITZER_I1_48765440_0084_0000_1_bcd.fits
        2     10    3.755804  -30.446592   44.4374  SPITZER_I1_48765440_0084_0000_1_bcd.fits
        4      9    3.735969  -30.463705   44.4374  SPITZER_I1_48765440_0084_0000_1_bcd.fits
        5     15    3.735963  -30.446599   44.4374  SPITZER_I1_48765440_0084_0000_1_bcd.fits
        6     15    3.735956  -30.429494   44.4374  SPITZER_I1_48765440_0084_0000_1_bcd.fits
        7     14    3.716124  -30.463709   44.4374  SPITZER_I1_48765440_0084_0000_1_bcd.fits
        8     14    3.716121  -30.446604   44.4374  SPITZER_I1_48765440_0084_0000_1_bcd.fits
        9     20    3.716118  -30.429498   44.4374  SPITZER_I1_48765440_0084_0000_1_bcd.fits
       10     13    3.696279  -30.463710   44.4374  SPITZER_I1_48765440_0084_0000_1_bcd.fits
       11     19    3.696279  -30.446605   44.4374  SPITZER_I1_48765440_0084_0000_1_bcd.fits
       12     24    3.696280  -30.429499   44.4374  SPITZER_I1_48765440_0084_0000_1_bcd.fits
       13     17    3.676434  -30.463709   44.4374  SPITZER_I1_48765440_0084_0000_1_bcd.fits
       14     23    3.676438  -30.446603   44.4374  SPITZER_I1_48765440_0084_0000_1_bcd.fits
       15     24    3.676441  -30.429497   44.4374  SPITZER_I1_48765440_0084_0000_1_bcd.fits
        7      5    3.716124  -30.463709   44.4598  SPITZER_I1_48765440_0085_0000_1_bcd.fits
       10     10    3.696279  -30.463710   44.4598  SPITZER_I1_48765440_0085_0000_1_bcd.fits
       11     15    3.696279  -30.446605   44.4598  SPITZER_I1_48765440_0085_0000_1_bcd.fits
       13     14    3.676434  -30.463709   44.4598  SPITZER_I1_48765440_0085_0000_1_bcd.fits
       14     20    3.676438  -30.446603   44.4598  SPITZER_I1_48765440_0085_0000_1_bcd.fits
       15     20    3.676441  -30.429497   44.4598  SPITZER_I1_48765440_0085_0000_1_bcd.fits
        4     20    3.735969  -30.463705   44.4346  SPITZER_I1_48765440_0086_0000_1_bcd.fits
        7     20    3.716124  -30.463709   44.4346  SPITZER_I1_48765440_0086_0000_1_bcd.fits
        8     25    3.716121  -30.446604   44.4346  SPITZER_I1_48765440_0086_0000_1_bcd.fits
       10     24    3.696279  -30.463710   44.4346  SPITZER_I1_48765440_0086_0000_1_bcd.fits
       11     25    3.696279  -30.446605   44.4346  SPITZER_I1_48765440_0086_0000_1_bcd.fits
       13     24    3.676434  -30.463709   44.4346  SPITZER_I1_48765440_0086_0000_1_bcd.fits
